31 166
0	29;29.71	1;8.93	3;5.24	
1	14;17.01	24;20.43	10;24.46	3;27.34	14;16.74	2;1.46	20;28.25	
2	6;6.32	7;27.30	17;23.57	17;21.65	18;0.58	
3	22;5.82	23;5.31	23;15.99	
4	2;10.45	29;0.10	25;15.76	2;25.96	5;0.31	6;12.25	6;13.98	9;23.60	
5	10;10.89	30;10.94	30;29.78	12;20.97	
6	4;26.28	29;20.73	22;1.19	1;21.04	
7	26;6.80	3;21.63	12;3.65	
8	25;10.28	12;4.37	4;19.62	15;14.77	19;25.70	14;18.60	8;4.97	25;12.89	
9	23;3.63	24;23.83	4;14.32	
10	21;28.47	22;3.68	2;20.21	29;12.40	2;2.86	16;21.89	18;1.06	11;13.32	
11	30;21.46	20;23.53	4;21.28	16;7.99	15;9.99	13;28.88	
12	13;20.00	3;5.40	24;5.70	26;22.18	
13	28;25.05	4;19.78	13;5.45	26;20.51	30;17.46	10;23.34	
14	1;9.50	30;16.39	20;12.60	15;24.60	26;5.28	29;1.28	29;3.88	
15	21;21.98	25;16.20	27;14.56	29;1.82	15;24.86	23;14.86	12;2.87	8;4.13	
16	18;3.93	21;7.19	17;6.37	
17	12;11.64	30;13.69	10;3.85	
18	1;25.83	5;17.96	22;19.93	17;24.01	5;11.69	
19	20;24.00	19;28.05	29;23.91	16;2.06	15;22.94	19;21.37	
20	1;3.01	25;14.69	14;28.55	26;15.38	25;0.65	3;16.57	21;20.17	
21	26;1.86	27;15.41	26;16.14	13;24.00	10;29.20	
22	25;22.14	15;16.42	17;15.65	20;11.57	3;10.12	26;18.44	4;26.27	22;21.07	
23	12;1.65	12;13.82	29;27.83	10;14.71	11;3.68	25;10.49	
24	20;2.63	14;6.23	20;0.04	26;1.06	29;11.18	26;17.16	16;22.27	9;6.74	
25	21;8.39	22;4.71	7;19.37	14;21.67	
26	18;16.43	11;17.81	6;13.78	
27	12;3.27	2;8.13	4;2.61	
28	16;28.61	24;1.19	21;2.95	8;0.01	
29	16;21.55	29;23.29	11;12.96	15;11.58	1;1.39	23;18.83	7;6.50	
30	20;9.78	24;28.23	14;25.87	5;29.63	25;29.08	15;2.03	9;15.37	
